inprogress
11
10
25
100 95.2727 99.3014 100.244 114.399 104.749 101.715 98.1409 105.897 110.821 112.491 109.904 98.6883 92.8436 93.4924 88.386 89.2973 70.9265 71.4864 104.121 98.4502 101.7 124.023 115.961 112.397 115.825 
100 117.182 118.637 123.644 108.951 114.327 134.351 144.263 138.97 150.438 156.671 152.829 168.775 187.007 202.889 218.326 227.671 244.634 256.914 281.896 305.359 326.258 328.193 360.159 377.19 407.528 
100 98.2727 95.5107 101.253 106.99 119.375 127.083 142.705 163.251 162.934 168.25 182.497 196.379 203.175 196.92 221.011 229.063 234.489 242.427 258.982 274.251 274.605 298.285 319.907 342.759 346.069 
100 113.364 110.619 106.615 116.357 117.314 114.882 119.419 136.287 140.182 123.375 131.279 135.996 163.317 183.056 182.425 199.597 209.51 230.482 237.124 240.443 259.589 272.607 300.214 318.473 337.102 
100 103.455 113.678 121.539 122.694 120.355 135.644 144.409 143.378 157.977 171.197 172.927 202.793 191 178.864 184.04 217.899 232.674 250.328 268.321 267.156 269.203 287.44 304.591 325.123 336.59 
100 95.9091 122.171 114.839 95.8301 94.7507 97.9516 103.487 84.309 88.5313 101.224 101.252 63.3975 50.5874 41.453 31.3304 32.0965 22.9415 5.57122 3.10862e-15 0 1.66533e-15 3.33067e-16 0 4.996e-16 0 
100 100 106.018 106.512 108.435 113.404 117.544 131.623 131.377 135.87 143.704 173.792 176.488 182.93 195.306 204.126 218.742 236.849 252.776 269.596 305.171 317.347 340.423 336.356 356.002 373.812 
100 105.364 98.0021 113.976 141.95 119.768 120.901 127.627 122.716 123.738 148.686 139.27 105.571 120.113 126.397 120.003 100.922 108.107 117.26 98.4029 110.636 128.504 87.555 78.4633 74.3817 79.6283 
100 88.8182 100.354 118.739 116.798 151.152 139.801 118.05 148.888 138.706 120.851 122.082 138.951 138.944 132.289 127.057 113.973 94.4686 80.0528 61.07 59.595 58.866 59.6612 70.2348 70.5383 77.7056 
100 98.9091 99.9982 112.628 111.545 118.141 129.892 141.548 137.551 162.062 165.387 157.111 163.098 165.495 168.913 171.18 184.103 202.012 211.296 221.698 242.795 255.364 265.918 281.957 304.306 327.152 
100 129.727 130.321 127.848 125.459 123.577 120.956 118.111 115.048 112.038 108.753 105.901 103.262 101.226 98.6385 96.349 94.0876 110 111.588 108.817 104.398 100.025 96.1881 92.9181 89.6332 86.2489 
1 0 0 0 0 0 0 0 5 5 0 
0 1 3 2 0 0 5 0 0 0 0 
0 3 1 5 0 0 2 0 0 0 0 
0 3 5 1 0 0 2 0 0 0 0 
0 0 0 0 2 0 0 1 0 8 0 
0 0 0 0 0 11 0 0 0 0 0 
0 6 0 2 0 0 2 0 1 0 0 
1 0 0 0 3 0 0 5 0 2 0 
10 0 0 0 0 0 0 0 1 0 0 
1 0 0 0 8 0 0 1 0 1 0 
0 0 0 0 0 0 0 0 0 0 11 
1 0 0 0 0 0 0 0 0 0 0 
0 1 0 0 0 0 0 0 0 0 0 
0 0 1 0 0 0 0 0 0 0 0 
0 0 0 1 0 0 0 0 0 0 0 
0 0 0 0 1 0 0 0 0 0 0 
0 0 0 0 0 1 0 0 0 0 0 
0 0 0 0 0 0 1 0 0 0 0 
0 0 0 0 0 0 0 1 0 0 0 
0 0 0 0 0 0 0 0 1 0 0 
0 0 0 0 0 0 0 0 0 1 0 
0 0 0 0 0 0 0 0 0 0 1 
3.45455 0 0 0 0 7.09091 2.36364 2.36364 0 0 0 
0 1.72727 0 4.72727 0 7.09091 7.09091 2.36364 9.45455 4.72727 0 
4.72727 4.72727 1.72727 2.36364 2.36364 0 2.36364 0 0 0 0 
2.36364 0 7.09091 12.0909 0 0 2.36364 0 0 9.45455 0 
2.36364 0 2.36364 0 6.90909 0 0 4.72727 7.09091 0 0 
7.09091 0 2.36364 0 4.72727 1.72727 0 0 0 0 0 
0 9.45455 0 2.36364 0 4.72727 3.45455 0 0 0 0 
0 2.36364 4.72727 0 2.36364 0 0 1.72727 7.09091 7.09091 0 
0 0 0 0 0 4.72727 0 2.36364 1.72727 0 0 
0 0 2.36364 0 7.09091 0 7.09091 2.36364 0 0 0 
4.72727 7.09091 4.72727 0 0 0 0 9.45455 0 4.72727 19 
5.93641 0 0 0 0 19.0485 4.21638 1.90141 4.19868 0 0 
0 3.4919 9.29124 3.94798 0 5.44688 17.3764 4.39182 7.00517 3.68569 0 
3.61971 4.01726 3.03991 7.333 4.32937 0 1.85274 4.98083 0 2.33785 0 
1.80985 5.5395 10.1568 19.8882 0 0 1.85274 0 0 7.37138 0 
1.80985 0 6.48269 0 9.08121 9.06777 0 6.29323 5.25387 11.6893 0 
25.6967 0 1.83707 0 3.76817 2.98342 7.09091 0 16.7947 0 0 
0 13.574 4.64562 4.65349 0 3.63125 6.1624 0 0 9.3514 0 
0 4.77838 3.67414 0 9.21995 0 0 3.20941 5.25387 7.86639 0 
0 8.30926 0 0 12.2264 3.63125 0 9.37265 2.81392 0 0 
0 5.5395 1.83707 8.03851 5.65226 0 5.55823 9.37265 0 0 0 
3.61971 6.02589 3.67414 0 0 0 0 7.60563 0 3.68569 41.7095 
6.4646 0 0 0 0 34.2384 3.40199 1.43891 3.50028 0 0 
0 4.80185 11.6974 5.66818 0 4.82171 24.044 7.95698 5.82115 7.63282 0 
2.89592 8.77355 4.00073 13.5213 8.93135 0 4.00063 6.08689 0 1.84232 0 
1.44796 4.36835 10.1134 24.9464 0 0 4.00063 0 0 10.5384 0 
1.44796 0 9.5278 0 9.42552 8.06044 0 11.7123 16.2258 13.9388 0 
34.6412 0 1.42156 0 3.09617 4.75733 5.72175 0 14.0011 0 0 
0 21.9155 5.84872 3.60211 0 3.21448 8.63459 0 0 12.0965 0 
0 6.57095 9.61569 0 12.9502 0 0 4.12195 16.2258 13.2915 0 
9.3885 12.1608 0 0 15.4209 14.7652 0 11.7275 4.07581 0 0 
0 7.1725 3.67908 11.4552 15.392 0 12.0019 11.7275 0 0 0 
2.89592 4.74788 2.84312 0 0 0 0 5.75565 0 2.90563 57.4998 
24.1326 0 0 0 0 36.8175 2.66964 1.21304 8.60667 0 0 
0 5.9728 9.42617 6.8784 0 3.65294 21.385 6.71827 4.95379 9.00355 0 
2.27959 12.8558 4.97267 15.4427 12.9755 0 8.17475 5.13587 0 4.19277 0 
1.1398 3.4908 20.1148 28.3989 0 0 8.17475 0 0 14.0774 0 
1.1398 0 12.4642 0 7.63089 6.0933 0 12.5835 22.2526 19.5694 0 
27.2505 0 1.14518 0 2.50676 18.9534 4.48923 -19.8689 20.3939 0 0 
0 29.2024 4.71308 5.29198 0 2.43529 10.4553 0 0 15.3766 0 
0 11.0958 12.5353 0 16.2294 0 0 25.3161 19.4461 16.367 0 
7.38474 9.71779 0 0 23.9754 16.6421 0 12.5899 5.5285 0 0 
0 11.5766 5.3579 13.8563 21.0777 -13.3631 19.4892 12.5899 0 0 0 
2.27959 3.79384 2.29035 0 0 0 0 4.85217 0 2.41171 68.8711 
28.378 0 0 0 0 33.6197 2.1365 1.07951 6.76749 0 0 
0 10.1032 12.7425 5.69861 0 2.65816 27.3663 9.35113 3.89604 9.74262 0 
1.92789 12.1662 9.5981 23.7901 16.1403 0 9.10525 7.93313 0 5.946 0 
0.963946 5.18392 23.9858 31.5591 0 0 9.10525 0 0 13.7481 0 
0.963946 0 15.2202 0 8.1999 4.4158 0 17.9343 17.4984 23.3546 0 
33.914 0 0.932864 0 1.99748 23.7336 3.59272 -18.2174 16.0293 0 0 
0 32.0915 6.37126 7.13352 0 1.77211 15.8592 0 0 17.4086 0 
0 10.8566 10.2209 0 15.833 0 0 27.9743 6.56035 15.5544 0 
14.3734 7.25875 0 0 33.606 16.6797 0 21.2846 25.1813 0 0 
0 11.2199 4.36847 16.9743 22.5971 -9.7299 18.1601 17.9295 0 3.85336 0 
1.92789 2.82327 1.86573 0 0 0 0 4.31805 0 1.90394 77.9703 
28.7185 0 0 0 0 30.9777 1.72901 0.780647 13.2948 0 0 
0 12.1382 16.308 7.3014 0 2.09543 43.5931 12.4363 3.53493 10.7296 0 
1.46264 15.2627 12.1568 29.9983 21.1878 0 7.36978 8.58673 0 4.84377 0 
0.731318 6.9031 25.719 31.1599 0 0 7.36978 0 0 16.7843 0 
0.731318 0 21.2052 0 8.50541 3.47863 0 21.4925 26.612 27.4042 0 
35.5937 0 0.779357 0 1.56515 29.3024 2.90781 -13.0186 14.6074 0 0 
0 36.8143 8.15401 8.44202 0 1.39695 16.754 0 0 19.768 0 
0 11.499 8.5577 0 20.9455 -4.05724 0 24.2431 15.2423 18.2568 0 
18.3193 5.87931 0 0 26.3455 15.3879 2.68046 15.454 29.5201 0 0 
0 11.7926 6.4788 19.036 29.0945 -7.67086 14.6982 21.4962 3.57268 5.17982 0 
1.46264 2.28833 1.55871 0 0 0 0 3.12259 0 1.55061 84.7588 
25.8009 0 0 0 0 29.4127 1.38502 0.617116 19.9537 0 0 
0 15.0082 19.2542 8.40192 0 1.67635 48.812 15.5481 2.66062 11.9306 0 
1.1367 19.3763 14.2648 34.2297 27.3262 0 8.68194 9.64773 0 7.07018 0 
0.568348 9.06866 29.9045 30.2259 0 0 8.68194 0 0 19.9986 0 
0.568348 0 23.232 0 9.45407 2.78291 0 25.5669 29.9928 31.8401 0 
39.6511 0 0.632828 0 1.30918 37.8944 2.32931 -10.2736 10.972 0 0 
9.6167 44.1223 9.62711 9.29128 0 1.11756 17.4815 0 0 19.3948 0 
0 12.9847 6.9538 0 27.1262 -3.31135 0 23.3268 18.3593 21.2161 0 
14.2205 5.00342 0 0 22.0137 14.6256 2.14719 12.2228 26.845 0 0 
0 13.232 8.26633 20.2603 37.1402 -13.756 17.3307 25.5705 6.01202 6.52055 0 
1.1367 1.95391 1.26566 0 0 0 0 2.46847 0 1.27994 89.035 
21.652 0 0 0 0 45.7575 1.15235 0.49828 20.0601 0 0 
0 17.2152 22.8134 9.5544 0 1.35273 40.625 15.5698 1.91795 13.1445 0 
0.880842 22.6087 18.8989 38.7157 28.9929 0 22.782 7.78866 0 5.80577 0 
0.440421 10.7999 35.0791 30.4053 0 0 19.6709 0 0 23.1144 0 
0.440421 0 26.1344 0 10.1643 2.24657 0 29.6914 21.7374 36.1867 0 
30.6684 0 -1.53743 0 1.06242 34.1314 1.93869 -10.1429 13.4597 -2.04855 0 
7.4282 49.5946 8.03367 10.2669 0 0.901821 19.0978 0 0 19.2772 0 
0 13.9903 9.18499 0 32.2446 -2.67728 0 25.0894 3.99113 24.1155 0 
34.2022 4.07488 0 0 31.5118 11.8057 1.78704 15.8985 32.8311 0 0 
0 14.1911 6.89737 21.8779 33.5405 -11.0582 14.4243 26.6773 4.37549 9.84809 0 
0.880842 1.59277 1.05573 0 0 0 0 1.99312 0 1.05119 91.6971 
21.384 0 0 0 0 42.901 0.908258 0.385748 31.82 0 0 
5.00606 18.1258 27.0537 11.2835 0 0.981222 44.437 14.9569 1.70292 13.4688 0 
0.720109 24.0733 21.8368 42.3265 22.7921 0 21.0664 8.93362 0 7.76328 0 
0.360054 11.6458 41.3154 30.3533 0 0 18.6131 0 0 24.4729 0 
0.360054 0 29.8736 0 10.4659 1.6219 0 34.5949 29.7543 37.8847 0 
35.1165 0 -1.48135 0 0.834627 29.9034 1.52783 -8.06288 19.033 -1.76165 0 
6.08609 48.2469 14.5342 15.1043 0 0.654148 19.5908 0 0 18.2321 0 
0 17.4004 7.79326 0 35.5159 -1.65972 0 23.8793 2.13762 25.2497 0 
35.5366 3.15651 0 0 24.7736 12.518 1.40834 12.3195 35.572 0 0 
0 14.272 5.85188 28.1185 50.0875 -7.77814 17.578 26.4613 3.84796 10.2017 0 
0.720109 1.23174 0.895344 0 0 0 0 1.54299 0 0.816822 93.4087 
24.8237 0 0 0 0 38.6688 0.724912 0.304176 37.232 0 0 
4.01936 20.0029 28.8878 12.2937 0 0.788286 51.524 11.7941 1.28713 15.3363 0 
0.577963 26.7737 22.7356 46.9406 29.9928 0 16.8145 7.04474 0 6.63239 0 
0.288982 13.0677 43.9048 29.0005 0 0 14.8563 -17.0415 0 28.5609 0 
0.288982 0 31.0932 0 11.3581 1.30327 3.21148 33.1274 32.3965 47.6808 0 
46.5273 0 -1.16727 0 0.688905 30.1305 1.21939 -6.35011 20.9452 -1.50742 0 
4.88632 50.0753 19.0875 18.6486 0 0.525524 20.33 0 0 19.4137 0 
0 21.3237 6.0968 0 40.4795 -4.48899 3.21148 40.1388 1.95968 29.2274 0 
28.5319 2.5772 0 0 20.4226 16.339 1.12402 9.71843 31.4003 0 0 
0 15.2123 4.57814 29.0066 56.2277 -6.13087 20.4526 20.8665 2.9233 11.5138 0 
0.577963 1.00675 0.700566 0 0 0 0 1.21671 0 0.698516 93.815 
21.7066 0 0 0 0 39.7249 0.589268 0.263387 39.0298 0 0 
3.19964 21.5442 27.1747 12.0425 0 0.659454 45.2769 17.2412 0.95134 16.149 0 
0.460321 28.9979 23.9042 46.5131 48.9751 0 13.6643 6.09891 0 5.29303 0 
0.230161 14.2416 47.1879 27.9197 0 0 15.47 -15.8299 2.85648 30.6128 0 
0.230161 3.70313 32.9231 0 9.35432 -10.6861 2.60993 42.7664 29.745 53.691 0 
50.3369 0 -3.67783 0 0.568103 40.5177 0.991362 -10.3851 15.489 -1.17756 0 
3.89 55.1967 19.3038 16.7679 4.04648 0.439636 42.246 0 0 23.3119 0 
0 17.1964 8.87389 0 49.5179 -3.56335 -18.1476 43.2936 2.36429 31.1447 0 
36.0078 2.07819 0 0 16.8215 18.555 0.913812 8.39646 30.7191 0 0 
0 15.9711 7.65405 27.3726 46.3016 -5.23337 20.0209 25.0934 2.17706 9.16369 0 
0.460321 0.812151 0.562692 0 0 0 0 1.05355 0 0.557437 93.8652 
20.8165 0 0 0 0 36.2907 0.516931 0.201929 33.9903 0 0 
2.50754 22.143 31.0983 16.0456 0 0.523556 56.1294 16.5183 0.758146 16.1798 0 
0.361513 29.9239 29.947 53.5197 43.1001 0 20.1838 4.67627 0 7.79476 0 
0.180756 14.7605 47.6444 27.3478 0 0 17.656 -11.8038 2.27576 31.0622 0 
0.180756 6.51214 40.1653 0 32.5595 -8.4712 2.28655 42.6697 23.7068 56.3118 0 
39.462 0 -6.91649 0 -21.6698 44.7088 0.870337 -10.9033 15.2294 -4.2555 0 
3.04928 57.655 20.2682 19.9036 3.22371 0.349038 43.4594 0 0 21.7079 0 
0 13.4597 7.34301 0 39.4435 -8.3741 -16.338 45.4223 -6.30151 24.0443 0 
51.5995 1.627 0 0 13.3976 17.1058 0.802176 6.44483 41.1025 0 0 
0 16.1142 6.33198 22.3631 49.1408 -4.18838 25.7645 25.8315 1.73561 13.1328 0 
0.361513 0.635114 0.466189 0 0 0 0 0.807715 0 0.429584 93.6897 
26.0421 0 0 0 0 25.2828 0.416438 0.141927 35.4628 0 0 
1.90336 24.439 35.1137 16.2592 4.7933 0.353021 66.0645 11.6276 3.9288 17.0268 0 
0.275938 37.1125 32.2333 56.3667 37.4571 0 24.5972 3.28784 0 6.34738 0 
0.137969 20.3817 53.505 33.9766 0 0 22.5629 -7.68361 1.94285 32.9961 0 
0.137969 5.47054 42.6412 0 33.3826 -5.50061 1.84186 30.0016 20.1235 57.4035 0 
29.9806 0 -6.31929 0 -20.3994 39.9589 0.701179 -11.276 16.2376 -3.79379 0 
2.31601 64.4072 21.4718 19.3935 2.79633 0.235347 41.429 0 0 25.3829 0 
0 11.3122 6.10787 0 53.4835 -5.4664 -13.488 42.2126 -6.83057 27.2839 0 
50.8102 1.36667 0 0 11.6796 11.1645 0.646261 4.54749 53.2312 0 0 
0 13.5408 9.90708 18.1768 66.7334 -2.59096 20.7502 18.1752 1.4668 13.8383 0 
0.275938 0.534828 0.388301 0 0 0 0 0.56771 0 0.350022 93.6118 
37.6413 0 0 0 0 19.7275 0.334726 0.118736 31.2721 0 0 
1.46318 23.5711 37.794 21.8253 8.18877 0.262845 79.0299 9.72226 3.10046 13.5329 0 
0.213059 44.1435 29.5824 48.8916 42.133 0 19.7642 2.75026 0 5.04423 0 
0.10653 25.799 57.3613 43.5716 0 0 31.1017 -7.03998 1.53195 26.2258 0 
0.10653 4.55372 43.8372 0 29.0418 -4.021 1.48036 25.0959 5.27563 69.0958 0 
23.0636 0 -5.26922 0 -15.8287 36.9714 0.54516 -12.152 12.8138 -3.08906 0 
1.78129 75.7058 26.8421 24.535 2.13657 0.17523 39.5576 0 0 20.1744 0 
0 9.41979 4.90441 0 49.9003 -3.25135 -10.7663 46.991 -4.70806 29.509 0 
39.0171 1.13757 0 0 8.89916 8.18235 0.519471 3.79907 66.336 0 0 
0 11.2741 12.7557 23.473 69.0458 -1.85776 16.6756 15.1994 1.15913 16.7895 0 
0.213059 0.446036 0.311832 0 0 0 0 0.474943 0 0.278099 92.5165 
41.3253 0 0 0 0 15.7692 0.275838 0.0966353 27.4006 0 0 
1.16723 23.0675 43.5056 27.0861 10.5346 0.199869 88.0643 7.91105 2.40635 10.8648 0 
0.170019 51.0043 26.6018 58.6536 49.2884 0 25.4861 2.23825 0 4.05003 0 
0.0850095 30.9883 58.7977 46.2842 0 0 25.5672 -5.05807 1.18675 21.055 0 
0.0850095 3.78106 48.2267 0 25.5159 -3.01501 1.21945 23.4113 -6.11462 87.4118 0 
27.2389 0 -4.19912 0 -12.2711 34.1171 0.34748 -24.853 9.9447 -2.51293 0 
1.42105 86.7847 25.6398 29.3729 1.64231 0.133246 39.4162 0 0 16.1969 0 
0 7.82405 3.82679 0 38.3696 -2.0444 -8.88446 56.9286 -3.22658 23.6908 0 
31.1229 0.944508 0 0 6.82321 6.14746 0.428167 3.09033 74.9818 0 0 
0 9.36309 9.97247 19.8175 74.2278 -1.36658 22.9591 15.3562 0.902442 16.4297 0 
0.170019 0.370984 0.243105 0 0 0 0 0.386541 0 0.223314 91.4366 
44.1707 0 0 0 0 11.6561 0.224309 0.0749642 30.3564 0 0 
0.905341 22.8148 47.1048 30.07 8.47911 0.150891 95.6337 6.13919 4.87799 8.68038 0 
0.132338 52.3995 26.3423 63.6788 48.38 0 30.3437 1.73645 0 3.23565 0 
0.066169 35.8822 70.4484 46.0958 0 0 30.413 -3.86815 0.923043 16.8218 0 
0.066169 3.12397 51.0894 0 23.9042 -2.23742 0.991432 32.3388 -4.49105 110.299 0 
27.3722 0 -3.63815 0 -10.0627 30.4839 0.220533 -20.788 7.74773 -2.05378 0 
1.10264 102.566 26.8243 31.8803 1.32209 0.100594 39.1902 0 0 12.9404 0 
0 6.46613 3.2385 0 30.8865 -1.38902 -7.27904 49.7149 -2.4587 18.9277 0 
24.1185 0.780336 0 0 5.49501 4.57326 0.348219 2.39957 73.4431 0 0 
0 7.73728 8.40283 15.6872 94.5539 -0.992542 18.6472 20.4183 0.70507 16.1293 0 
0.132338 0.306948 0.206126 0 0 0 0 0.299857 0 0.178402 90.1492 
36.4269 0 0 0 0 9.29487 0.182787 0.0548934 22.7153 0 0 
0.716026 22.2262 53.8881 34.1639 7.24476 0.120431 108.808 4.5005 3.64425 7.06973 0 
0.104804 52.7762 32.9133 71.2601 41.4263 0 29.8487 1.27184 0 2.63624 0 
0.0524022 39.532 72.544 48.2641 0 0 35.0784 -2.60115 0.688857 13.6999 0 
0.0524022 2.50514 40.8297 0 35.5985 -1.78447 0.807717 25.9377 -2.50505 128.98 0 
21.6309 0 -2.89912 0 -8.69382 30.5845 0.194971 -24.2528 5.80685 -1.68179 0 
0.872202 114.524 32.266 35.6539 1.13157 0.0802874 39.5297 0 0 10.5392 0 
12.664 5.18535 2.58789 0 26.4209 -1.32891 -6.02701 48.5539 -1.96693 19.766 0 
19.0688 0.625757 0 0 4.72287 3.64781 0.283794 1.76216 62.1056 0 0 
8.44265 6.20467 6.7153 12.915 116.976 -0.78308 15.1748 17.2584 0.532295 16.3241 0 
0.104804 0.24617 0.16471 0 0 0 0 0.219574 18.8573 0.145439 88.01 
27.2064 0 0 0 0 6.89217 0.150246 2.59978 23.2867 9.54967 0 
0.51779 22.3755 59.5013 37.4434 5.89207 0.091241 117.154 3.64985 2.65489 5.83213 0 
0.0767299 60.4274 30.2925 77.2558 33.7089 0 35.657 1.03159 0 2.17608 0 
0.038365 43.8259 85.4283 49.7661 0 0 39.9417 -2.12154 0.501053 11.3007 0 
0.038365 2.04812 32.4811 0 45.1463 -1.32861 0.6637 26.1735 -1.24476 144.549 0 
15.5238 0 -2.36306 0 -7.1919 25.7474 0.109513 -30.8909 4.25056 -1.4156 0 
0.631612 122.377 36.7564 38.645 0.920666 0.0608273 40.6558 0 2.23289 8.69421 0 
19.013 4.24013 2.05766 0 21.4937 -0.756754 -4.96025 54.377 -1.0817 21.0759 0 
13.7465 0.511584 0 0 3.84647 2.72285 0.233312 1.42868 55.762 0 0 
12.6753 5.07331 5.34187 10.4153 133.642 -0.558031 12.4489 16.5716 0.393784 13.4904 0 
0.0767299 0.201447 0.130936 0 0 0 0 0.178104 13.5857 0.120173 95.494 
35.1077 0 0 0 0 4.76963 0.122379 7.67173 32.3496 22.6593 0 
0.410288 22.4704 64.7413 47.2636 4.80915 0.0660079 131.059 2.97437 1.9711 4.68949 0 
0.0608741 66.909 28.469 91.0547 27.5304 0 40.926 0.840833 0 1.74991 0 
0.030437 47.4573 96.9213 45.0954 0 0 38.4339 -1.71301 0.371494 9.08653 0 
0.030437 1.65152 25.9568 0 54.2817 -0.92745 0.540479 29.6943 -0.51467 156.167 0 
12.2914 0 -1.96169 0 -6.02301 16.3296 0.0283635 -24.1016 3.16879 -1.17304 0 
0.500548 128.969 40.8344 42.8101 0.751823 0.0440053 41.8458 0 5.40805 6.99082 0 
15.0169 3.41928 1.64418 0 17.5491 -0.39457 -4.03809 47.3246 -0.504744 16.9449 0 
10.8891 0.412516 0 0 3.14481 1.91087 0.190058 1.16383 41.9177 0 0 
10.0113 4.09107 4.26883 8.62063 150.475 -0.366259 10.127 21.8511 0.296226 10.8816 0 
0.0608741 0.162492 0.104621 0 0 0 0 0.145177 9.98855 0.0966536 96.8177 
34.7574 0 0 0 0 3.63343 0.099211 12.5106 22.8804 23.4163 0 
0.373024 23.3386 76.8999 54.3443 3.90309 0.0510954 137.915 2.18924 1.4291 3.76231 0 
0.0544896 74.952 27.5342 100.321 22.3533 0 45.8607 0.618341 0 1.40401 0 
0.0272448 52.3052 96.831 39.896 0 0 43.8475 -1.17516 0.268814 7.28994 0 
0.0272448 1.36075 21.0228 0 53.3414 -0.708785 0.438091 28.5427 0.0200519 161.959 0 
11.2827 0 -1.59863 0 -4.92755 11.3776 0.0163511 -18.666 2.31101 -0.948436 0 
0.454283 139.255 51.4229 45.2013 0.610389 0.0340636 43.2343 0 18.1967 5.60863 0 
14.2104 2.81795 1.33318 0 26.9305 -0.306391 -3.31603 38.8475 -0.348772 29.3143 0 
22.2444 0.339877 0 0 2.55536 1.46319 0.154091 0.858137 30.827 0 0 
21.7789 3.3713 3.45786 6.84034 166.476 -0.273068 8.20229 22.8327 0.218799 8.7372 0 
0.0544896 0.134047 0.0848693 0 0 0 0 0.106735 7.13983 0.0775551 95.6473 
28.049 0 0 0 0 2.90675 0.0830996 12.9546 31.9218 24.8628 0 
0.285688 24.2485 81.1913 59.73 3.03268 0.0408763 150.815 1.7947 1.12019 3.07664 0 
0.0419459 82.5674 26.8474 107.193 17.353 0 52.5758 -14.0442 0 1.14861 0 
0.020973 56.9426 110.16 35.4654 0 0 50.9094 -1.00284 0.210616 5.96104 0 
0.020973 1.10818 16.8822 0 46.0999 -0.567028 0.366752 26.1413 -0.00673938 178.235 0 
8.61417 0 -1.28541 0 -3.81649 9.07303 0.00552893 -14.5518 1.8138 -0.775131 0 
0.348123 149.265 54.2527 46.8606 0.473934 0.0272509 46.557 0 14.0541 4.58645 0 
10.7439 2.29523 1.07097 0 33.5714 -0.220236 -2.78211 47.6807 -0.204981 35.4272 0 
28.5858 0.276788 0 0 1.98069 1.17055 0.129103 0.703111 25.0976 0 0 
28.1461 2.7458 2.77691 5.36115 180.018 -0.214313 6.84894 21.4448 0.172198 7.14285 0 
0.0419459 0.109245 0.0681866 0 0 0 0 0.0875295 5.57889 0.0634914 93.1536 
32.8894 0 0 0 0 2.3254 0.066418 17.0301 38.9114 32.0625 0 
0.227815 25.3031 83.1522 60.9376 2.38455 0.032701 150.561 1.49738 0.883862 2.47459 0 
0.0334617 90.0866 37.6905 118.026 13.637 0 49.5289 -12.3798 0 0.923942 0 
0.0167308 69.3071 112.362 37.8814 0 0 48.1967 -0.855174 0.166132 4.79449 0 
0.0167308 0.900385 13.2287 0 40.9192 -0.453623 0.293132 34.1679 -0.0118345 197.641 0 
6.86754 0 -1.00749 0 -2.99446 7.23304 0.00174224 -11.6478 1.43241 -0.622859 0 
0.277614 151.885 49.0437 50.4567 0.372487 0.0218007 72.9636 0 10.9754 3.68895 0 
8.55908 1.86507 -6.31405 0 39.1404 -0.151625 -27.0057 42.3263 -0.0886463 28.4863 0 
34.8014 0.224882 0 0 1.55509 0.936442 0.103186 0.586111 20.7162 0 0 
22.4266 2.2311 2.17547 4.37724 192.558 -0.170627 5.4744 30.2278 0.136246 5.74421 0 
0.0334617 0.0888143 0.053287 0 0 0 0 0.0730701 4.39233 0.0510809 90.7582 
37.2317 0 0 0 0 1.86032 0.0544259 13.3081 30.8753 32.0414 0 
0.195288 25.6301 96.4365 68.4952 1.94112 0.0261608 163.117 1.0356 0.70369 1.98848 0 
0.0284545 94.3571 36.2092 127.444 11.1071 0 56.5148 -7.08667 0 0.742506 0 
0.0142272 77.9647 127.458 35.2779 0 0 55.4298 -0.505588 0.132253 3.85262 0 
0.0142272 0.70887 10.8683 0 48.1823 -0.362898 0.240141 28.9772 0.0299624 215.343 0 
5.91591 0 -0.821778 0 -2.44099 5.84919 0.00698502 -9.7404 1.14077 -0.499989 0 
0.237762 150.87 47.294 53.5971 0.303351 0.0174406 71.7751 0 8.70627 2.96429 0 
13.3495 1.46818 -5.3076 0 31.8403 -0.184602 -22.5087 36.5492 -0.218352 22.885 0 
39.036 0.177052 0 0 1.26779 0.749154 0.0845666 0.406671 27.9233 0 0 
25.4051 1.7564 1.78783 3.53513 210.985 -0.135956 4.4789 24.2373 0.108579 9.20824 0 
0.0284545 0.0698789 0.0439299 0 0 0 0 0.0504319 3.49429 0.0410556 88.5997 
30.1131 0 0 0 0 1.48825 0.0419854 11.8508 42.6262 25.8047 0 
0.148968 27.2432 100.807 77.5466 1.56322 0.0209287 166.412 0.79233 0.580697 1.60229 0 
0.0218248 102.904 34.8785 140.166 8.94661 0 59.7906 -5.01881 0 0.59838 0 
0.0109124 80.9423 141.061 34.1803 0 0 58.9458 -0.353263 0.109211 3.10433 0 
0.0109124 0.583688 8.81012 0 54.5751 -0.290318 0.185326 27.3718 -0.012283 233.416 0 
4.49769 0 -0.66532 0 -1.9674 4.70224 0.00981139 -7.58574 0.93952 -0.403037 0 
0.181479 166.282 53.4363 58.219 0.244334 0.0139524 67.4119 0 7.35175 2.38858 0 
10.0735 1.20918 -4.31662 0 25.6351 -0.171287 -17.5441 34.1606 -0.234746 25.0977 0 
43.2211 0.145781 0 0 1.02154 0.599323 0.0652229 0.311479 24.7016 0 0 
32.8868 1.44643 1.44946 2.91311 227.455 -0.108051 3.46344 21.9516 0.0890463 12.2876 0 
0.0218248 0.057604 0.0356701 0 0 0 0 0.0385582 2.89762 0.0330937 86.0765 
25.1203 0 0 0 0 1.1906 0.0337835 10.8698 50.089 28.144 0 
0.115485 28.2945 105.845 84.991 1.26246 0.0167429 184.246 0.617311 0.459151 1.30244 0 
0.0169829 109.013 34.1501 150.443 7.22737 0 48.0574 -3.70392 0 0.486547 0 
0.00849145 82.5403 154.608 33.013 0 0 64.2078 -0.262567 0.08633 2.5233 0 
0.00849145 0.466572 7.13085 0 55.2878 -0.232255 0.149113 26.3291 0.0149875 247.058 0 
3.47876 0 -0.538717 0 -1.59123 3.77113 0.00840287 -5.92149 0.743418 -0.328063 0 
0.140748 177.511 59.4261 61.9101 0.197369 0.011162 66.5326 0 5.76356 1.94159 0 
7.75096 0.96655 -3.50574 0 28.3802 -0.147642 -14.1518 32.5803 -0.195397 27.5731 0 
46.5754 0.116531 0 0 0.825648 0.479458 8.46707 0.242838 20.6209 0 0 
38.5977 1.1562 1.17333 2.34633 245.085 -0.085163 2.78577 20.4096 0.0705717 15.2344 0 
0.0169829 0.0460443 0.0289131 0 0 0 0 0.0300282 2.28696 0.0269217 83.4353 
